              precision    recall  f1-score   support

         200       0.91      0.95      0.93        42
         500       0.95      0.98      0.96        41
        1000       0.89      0.95      0.92        43
        2000       0.95      0.88      0.91        41
        5000       1.00      0.96      0.98        27
       10000       1.00      1.00      1.00       275
       20000       1.00      1.00      1.00       320
       50000       1.00      1.00      1.00       286
      100000       0.98      0.95      0.96        42
      200000       0.97      0.95      0.96        40
      500000       0.98      0.98      0.98        43
       noise       1.00      1.00      1.00       243

    accuracy                           0.99      1443
   macro avg       0.97      0.97      0.97      1443
weighted avg       0.99      0.99      0.99      1443
